-0.002891 1.006640 0.002260 12.584345
0.025842 0.950019 -1.045585 18.554628
0.045413 1.059726 0.035843 12.770274
0.006455 0.994578 0.964585 20.313507
-0.004872 0.982891 1.007462 17.944838
0.005577 1.000110 0.262090 13.025681
0.019180 0.973255 -0.638707 14.304537
-0.011629 0.986065 0.129895 13.374105
0.008336 1.014245 1.278777 14.462751
0.009588 0.985904 0.079972 17.094397
0.070510 1.082072 1.774295 9.070747
0.047351 1.038445 0.505402 13.764622
0.022518 0.973151 -0.977962 14.447661
0.073675 1.023829 -1.425789 12.082553
-0.032391 0.946395 -0.253678 13.438248
0.007847 1.005694 -0.185543 14.548389
-0.017644 0.938860 -0.517946 15.645005
0.040116 1.039196 0.538491 9.244888
0.007249 1.005715 0.179103 16.220947
0.027357 0.978041 -0.062540 19.695536
0.012746 1.007337 0.978542 15.683401
0.017196 0.984400 -0.265139 15.150143
0.003008 0.948480 -0.229760 16.108263
-0.003354 0.987150 -0.128759 11.452473
-0.012932 0.956219 0.718348 17.917150
0.009546 1.009768 0.733391 20.327507
0.000670 0.963645 0.060140 15.361115
0.003495 0.985973 0.585168 16.336304
0.021110 1.002965 -1.098603 11.334198
-0.017703 0.985187 0.275996 12.716028
0.067052 1.006405 -0.579459 10.645027
-0.006259 0.974833 0.553465 15.838571
0.019297 0.963670 -0.319306 18.479603
0.028859 1.008736 1.043546 17.572182
-0.000941 0.978355 -0.276218 17.710348
0.017421 0.991145 0.479510 15.635359
0.003693 1.037386 0.849596 12.450487
0.018755 0.993111 -1.246746 14.699841
0.020706 0.992263 0.082044 14.805055
0.020555 0.974945 -0.734538 10.927992
0.012811 1.015190 1.623541 12.068232
-0.466016 1.390118 -0.448607 1.628507
0.008339 0.991123 0.004329 14.868167
-0.010150 0.977436 0.055218 16.746634
0.044237 0.992696 -0.784055 17.440620
0.015157 0.978932 -1.046033 11.607074
0.027685 0.990884 0.362432 18.621075
-0.016803 0.960107 1.072758 14.555226
0.002007 1.007801 -0.557451 13.429368
0.007176 0.998640 1.903900 18.457623
-0.016028 0.956149 0.105284 15.825240
0.025842 1.021785 1.186067 19.592693
-0.002413 0.982755 0.089287 17.225868
-0.013356 0.915742 -0.433163 15.568715
0.032831 1.014516 0.815290 18.399561
0.036506 0.980750 -0.260112 14.945704
0.045912 0.981172 0.044085 20.217314
0.029252 1.007250 1.152804 14.610218
0.039058 0.951672 -1.148740 19.677401
0.016338 0.946255 -1.782810 14.086350
-0.004428 0.953012 -0.318858 15.670926
0.014068 0.991126 0.918913 19.251549
-0.013565 0.950216 0.124806 12.236457
-0.027171 0.980308 -0.692032 11.879093
-0.003990 0.982160 -0.105301 13.529733
0.009348 0.990831 0.947788 19.644249
-0.008095 1.017115 -0.346709 10.810789
0.013584 0.940974 -0.007006 19.018856
0.051073 1.001950 0.069770 14.589631
0.015765 1.000140 0.451641 14.956075
0.033125 0.991360 -0.156341 15.165103
-0.002889 1.041495 0.450705 11.968976
0.013500 0.987607 -0.835362 11.600222
-0.003698 0.995549 -0.328823 17.479746
-0.012574 0.971462 0.567363 14.178339
-0.001552 0.957380 0.532195 14.756704
0.023847 1.006306 -0.685933 15.380508
0.015702 0.999156 0.115005 11.894838
-0.001470 0.966637 1.145418 17.611996
-0.027219 1.010869 -0.340273 7.211096
0.003066 1.030105 0.896721 11.474398
0.029331 1.020824 0.020599 15.881742
0.005423 0.942054 -0.829422 17.065346
0.010447 0.956282 0.603099 17.423395
-0.008370 0.936824 -1.290168 16.971779
0.013220 1.012876 -0.464172 14.805164
-0.030478 0.917670 -1.064769 12.646383
-0.006195 0.992606 0.887556 15.252000
0.004110 0.939008 -0.377933 17.840345
0.009647 0.951112 -0.130924 16.971016
-0.118920 1.098131 -0.341627 3.014270
-0.015868 0.945455 -1.197237 12.458230
0.031084 1.054659 1.238914 15.573122
-0.004036 0.970939 -0.213977 12.778752
0.026499 0.984501 -0.078387 15.655478
0.024076 1.015985 -0.385559 10.973516
0.035326 1.055096 0.977089 16.407190
-0.008957 0.973217 -0.079510 13.819460
-0.003039 0.998187 -0.428259 9.447826
0.059137 0.990224 -1.014259 10.048377
-0.015410 1.034400 -0.354779 5.479302
0.070645 1.002144 -1.238602 13.537778
0.013757 1.024798 0.219838 15.291536
-0.022574 0.973796 -0.080093 15.503654
0.017722 0.993580 1.199692 16.035435
0.011807 0.983458 -0.460842 13.402509
-0.001799 0.981785 -0.125711 13.224692
0.020583 1.006891 -0.725301 13.975577
0.053817 0.967626 -1.530553 15.351403
-0.336462 1.353742 -0.225921 1.935058
0.005745 1.009455 0.731716 14.614046
0.010451 1.010048 0.965010 16.436094
0.016110 1.015337 0.132791 16.216677
0.034143 1.008813 0.022952 16.417747
0.002279 0.959055 -0.103284 14.156612
0.030705 0.983675 -0.943904 14.662343
-0.007964 0.998484 0.152062 13.189408
0.018012 0.950886 1.186060 19.766500
0.003462 0.974442 0.727137 16.728964
0.003603 0.986361 0.869383 14.452839
-0.016783 0.961371 0.960056 17.502853
0.012625 0.960065 -0.655696 18.408812
0.028617 1.000632 0.787034 16.694252
-0.003254 1.004352 -0.349420 9.760141
0.070590 1.010572 -0.677419 9.829220
-0.004751 0.983105 0.068700 17.811832
0.062314 1.023399 1.002027 17.320518
0.018287 1.027400 0.345310 14.021908
0.018978 0.989915 0.061819 15.850218
0.022367 1.004372 -0.227220 13.956783
-0.002755 1.003769 0.068967 16.135487
0.024172 1.011082 0.146717 16.891861
0.006328 1.020445 0.100967 9.957170
0.010826 0.984914 0.446647 17.477943
-0.001185 0.998313 -0.176515 15.151370
-0.074452 0.951899 -0.825552 4.533084
0.035298 1.031373 0.284300 11.158364
-0.004906 0.964968 0.123744 14.743963
-0.032517 0.984446 -0.697309 6.042266
0.041623 0.997502 -0.113720 20.191608
0.029450 1.044018 0.839359 15.730246
0.054579 0.984810 -2.413000 11.623344
-0.036622 1.079094 -0.760308 3.782960
0.105797 1.037497 -0.627554 14.002130
0.018691 0.999667 0.334513 17.540245
0.029443 1.017857 -0.219779 13.227700
0.022316 0.972695 0.367011 17.558044
0.017998 0.982016 0.339307 17.195335
-0.000741 0.982837 1.083612 15.199992
0.029784 0.966076 -0.949790 16.012529
0.029512 0.940126 -0.567726 17.284260
-0.026620 0.974445 -0.444667 12.944010
0.037454 1.025617 0.413098 14.960379
0.006502 0.964405 -0.527892 12.155452
0.030081 1.043777 1.038156 15.748524
-0.004735 0.988680 0.757234 15.033169
0.003805 1.001478 -0.186033 15.021147
-0.019212 0.979052 0.971974 14.097960
0.010037 1.022729 0.448853 13.972076
0.018248 0.988793 1.389544 17.010605
-0.020982 0.974326 -0.083447 13.984234
0.010132 1.013382 -0.275685 14.994047
0.013261 0.969835 -1.061621 16.342148
0.017142 0.961163 -1.352032 15.218657
0.024062 1.028133 -0.683321 9.294834
0.011285 1.011842 -0.234895 18.447041
0.038357 1.014420 0.044135 13.713265
0.029993 1.018965 1.010346 13.224743
0.021817 0.986563 0.463051 20.202719
0.092184 1.058208 -0.422755 8.851831
0.014408 1.004398 0.776085 17.148504
0.035925 1.028417 -0.567489 13.767843
0.010793 1.031924 1.281895 14.323340
0.004850 0.969784 0.085900 13.281033
0.002393 0.986796 -0.428198 17.262745
-0.004473 0.975209 1.675930 17.984146
-0.002842 1.004330 -0.042446 10.409654
0.016975 1.020848 -1.000532 12.399978
-0.008657 0.954806 0.115857 12.722066
0.000193 0.980916 -0.668767 14.554100
0.029435 1.028512 0.261304 8.827357
0.024314 1.115322 0.941588 6.104561
0.002452 0.988112 0.454136 14.200990
0.087679 1.083883 -1.459637 9.329020
0.010053 0.989432 0.199414 16.436283
-0.001075 0.962259 -0.416567 14.370735
0.027733 0.992890 0.478834 17.348948
0.070446 1.089462 -0.431461 10.398261
-0.013430 1.025521 -0.755287 9.668222
0.112192 0.975296 -1.664954 14.315063
-0.005869 0.984545 0.989105 17.672951
0.016465 1.023632 0.989261 20.864437
0.078399 0.955280 -2.482891 17.948648
0.004726 0.996654 -0.442196 12.387460
0.029627 1.024013 1.073981 17.842875
-0.009884 0.939207 -0.634039 16.888596
0.039918 1.037918 0.015811 13.357612
0.034673 1.009459 -0.474059 17.016329
-0.002579 1.022842 -0.155731 11.777781
-0.003919 1.033200 -0.063292 9.561399
0.008408 0.995739 0.013178 13.035643
0.024515 0.999248 -0.748685 14.975722
0.051472 0.967504 -0.228652 20.975142
-0.010869 0.970403 -0.063031 13.635234
0.018121 1.011350 0.335318 16.334389
0.029865 0.969777 0.137924 19.458939
0.006444 1.016423 -0.220145 9.264185
-0.013957 1.031606 0.092431 7.053322
0.025321 1.019250 0.070937 17.022535
0.005155 0.974485 0.187723 14.884684
0.010740 1.011510 0.158981 12.666004
0.029136 0.984523 -0.426297 18.680845
0.019472 0.979429 -0.866111 7.728196
0.041054 0.967073 0.030856 19.187923
0.015320 0.980809 0.470656 15.960266
-0.018795 0.967761 -0.722858 12.307856
0.011416 0.956725 -0.652432 15.590107
0.032538 0.986125 1.121930 20.620026
0.022473 1.048066 -0.054998 12.206367
0.002316 0.975012 -0.389990 14.316339
0.007286 1.024607 -0.190101 13.419374
-0.004131 0.979732 -0.232925 14.788902
0.003303 0.982405 0.209277 16.469282
-0.006283 1.023360 -0.296321 9.225486
0.024694 1.014475 0.349323 15.767052
0.014298 0.960628 0.583001 18.896183
0.042759 0.989679 -1.023701 17.910490
0.021900 0.982787 1.417187 14.909979
0.011367 0.969045 -0.703461 13.257596
0.034958 1.030972 1.712740 15.419003
0.019815 1.003051 0.278056 14.699025
0.038766 1.019397 0.103778 17.167206
-0.000810 0.978926 1.094261 20.211903
0.010951 0.985474 0.055388 10.360635
0.018985 1.039337 1.008260 15.922060
-0.041659 0.926655 0.494765 17.876150
0.004123 0.950553 0.190956 15.249765
0.039262 1.020195 0.007556 15.178741
0.033394 1.012038 0.580084 14.752297
0.008020 1.037716 -0.653139 6.791368
0.018042 1.016221 0.726645 16.526796
0.028237 1.009415 -0.972454 13.366719
0.026794 0.997338 0.634287 19.860554
0.038957 1.017489 0.911051 17.906515
0.031206 1.032187 1.229474 16.527254
0.045018 1.018842 -0.092159 17.191597
0.008853 1.011326 -0.162094 8.575203
0.012925 1.010770 1.178430 18.297768
0.012820 0.950668 -0.912033 16.289452
0.005230 0.983283 0.248681 15.950670
0.051165 1.036001 0.102243 14.177876
0.015431 1.021822 0.679796 17.007311
0.006132 0.986503 -0.167475 13.044926
0.025513 1.022996 -0.927524 15.231324
-0.002835 0.931181 -0.939688 19.997574
0.033541 0.990586 -0.031204 16.320644
