0.049071 1.007367 0.754726 20.121490
0.031368 0.968104 1.070805 19.742298
0.026047 0.969683 -0.336063 9.937788
0.037976 0.948777 0.312658 19.663507
0.025858 0.974948 0.055929 16.970337
0.045526 0.977326 0.731696 19.030527
0.071825 1.016373 -0.635199 17.033340
0.041382 0.957454 -1.217443 18.945263
0.145272 0.991826 -1.955069 12.459414
0.042087 0.989363 -0.190665 12.686109
0.022117 1.061149 -0.746545 6.609774
0.019730 0.949804 -0.056302 14.446881
-0.031551 0.984753 2.505513 17.874067
0.027990 1.021019 0.610272 18.873299
-0.010664 0.881242 -0.243352 15.566108
0.032788 0.926649 -1.097093 19.421858
0.151078 1.068167 -1.560555 12.732469
0.041223 1.005481 0.509262 16.053391
0.003997 0.909440 -0.779285 14.265425
0.137638 1.218533 0.394371 8.625780
0.089243 1.300803 1.730336 12.747193
0.121434 1.054340 0.047670 19.912081
0.142598 1.076331 0.870125 19.208563
0.042849 1.036892 0.218558 13.317117
-0.001084 0.981256 -0.543949 7.757122
0.041053 0.979168 -0.579550 13.435580
0.066126 1.040297 0.179663 14.641463
0.067643 1.006641 -1.590924 15.031670
0.012073 0.969242 0.607703 17.424942
0.044413 1.083549 1.588948 13.429126
0.030138 0.970836 -0.636230 14.746324
-0.023294 1.006245 -0.212350 7.742442
0.010288 0.945552 1.927562 20.720772
0.035291 1.076799 1.117163 16.293341
-0.039721 0.989515 -0.247240 9.976706
0.080035 1.066721 0.073115 14.909992
0.117739 0.993358 -1.848059 14.602090
0.014869 1.000012 0.875854 12.661837
0.037397 1.013829 0.364253 18.687677
0.071281 1.089112 -0.087878 14.131968
-0.029402 0.948288 -0.936872 11.816197
0.037230 1.022275 -0.084752 11.057419
0.035534 1.001845 -0.960806 16.333151
0.151221 1.050794 0.212176 18.720104
0.022996 0.917090 -0.270657 14.546272
-0.030418 0.936500 0.011241 12.086315
-0.032868 1.001435 2.807088 11.782759
0.034712 1.091887 1.664853 14.837402
-0.014441 0.940721 0.548661 16.293079
0.044852 0.975246 -0.076562 16.367102
0.059588 1.121296 0.601215 14.345577
0.051509 1.059090 -0.665404 6.655796
0.070595 1.047328 0.729374 21.448086
0.033114 1.072934 0.606364 12.312231
0.095882 1.067837 1.025474 18.682219
0.115965 1.023843 -0.171151 22.041586
0.056278 0.980134 -0.836104 16.817434
0.064142 0.879794 -2.453998 19.225756
0.038175 1.036518 1.665192 18.838848
0.033363 0.989688 -1.056819 18.045965
0.028935 1.042101 1.398865 16.173140
0.019044 0.981418 0.385431 15.206949
0.060984 0.973971 0.749301 18.833216
0.053933 1.008864 -0.386072 17.591154
0.126226 1.290159 1.447584 11.831900
-0.005506 0.960443 0.200058 17.091095
-0.002508 1.117539 -0.499618 12.873780
0.087960 0.994473 -0.284267 15.548808
0.096523 0.962276 0.779711 24.787769
-0.037836 0.950101 0.416387 15.462462
0.035508 1.044505 0.283640 18.491823
-0.067776 0.939553 -0.709305 10.266935
0.078868 0.940263 -0.971305 18.491438
0.015599 0.960757 -0.032458 16.866581
0.001563 0.951129 0.180313 13.978173
-0.025532 1.144008 -0.949602 8.114152
0.049293 0.964861 0.072104 16.379974
0.048196 0.985552 0.104863 17.776047
0.007029 0.992183 -0.689521 13.646141
0.039510 0.985961 -0.180685 17.379332
0.014467 0.936080 0.345336 16.540749
0.053585 0.955530 -1.390934 18.563938
-0.037563 0.929964 -0.487242 12.325823
0.034435 0.941932 -0.712249 15.172174
-0.015615 0.956642 0.642898 16.674063
0.067619 0.953545 -1.268800 16.745348
-0.008861 0.962803 -0.006853 13.711318
0.113076 0.934826 -1.319263 23.060394
-0.011240 0.966067 0.101997 13.016665
0.003624 1.044493 -0.244386 8.313621
0.034118 0.921389 -1.000882 17.599836
-0.027265 0.961640 0.074900 12.719522
-0.041294 0.971884 -0.709912 11.690767
0.014431 1.009767 -0.562012 13.587271
0.067162 0.934800 -1.366161 18.525795
0.010299 0.970687 -1.217673 17.473522
0.039489 0.973771 0.064633 19.704840
0.011489 1.010591 -1.456466 12.423308
-0.021402 1.030332 -0.564202 9.121279
-0.025303 0.969672 -0.465651 12.747503
0.046599 0.922906 -0.595114 22.787792
0.048126 1.006288 0.690489 18.649122
0.055110 0.993390 -0.034562 20.316874
0.004929 1.023663 1.410055 12.147689
0.010356 0.958084 -0.037946 21.580294
0.134270 0.957929 -0.738823 19.361471
0.005158 0.928509 0.466300 14.477543
0.019910 0.984534 1.856682 18.368521
-0.001996 0.909948 -0.299592 16.540859
-0.024579 0.930881 0.520240 19.530031
-0.000875 0.935069 0.284695 17.796465
-0.045244 1.008826 -0.388502 10.087264
0.030021 0.949971 0.292802 20.946453
0.020235 1.033679 -0.226477 13.196655
0.069831 1.009600 1.459368 21.705050
-0.031432 1.091900 -0.696135 9.340839
0.035463 0.977299 0.551101 17.582664
-0.022363 1.001768 0.590801 17.056889
-0.011666 0.991973 -0.656981 12.217807
0.059005 1.002018 0.221025 21.285818
0.028708 0.958910 -1.850555 15.305347
0.048240 1.023800 -1.210321 13.894704
-0.002957 1.030735 -0.583680 9.884846
0.070806 1.003336 0.039335 16.904535
0.046220 0.954808 0.208071 19.410563
-0.009477 1.016507 1.209070 18.729002
0.006069 0.939042 0.440454 18.864002
0.005946 0.954687 -0.928567 17.153667
