0.032559 1.003601 0.011915 5.028849
0.019809 0.999940 0.025550 5.820301
0.003998 0.995628 0.028724 5.097032
-0.014032 0.976982 -0.059416 5.107688
0.006872 0.967773 0.027069 5.762836
0.001171 1.024588 -0.102990 5.977686
-0.009187 0.978842 -0.004468 4.358161
0.020811 0.988969 0.106454 5.996452
0.011172 0.994069 -0.028964 5.172236
0.003534 1.023115 -0.024847 4.846287
0.021180 1.008772 0.035265 4.652777
0.022781 1.020660 -0.013700 6.248181
0.010932 0.996366 0.117138 4.896392
-0.020598 1.015460 0.038702 5.008586
0.000960 0.992072 0.029766 4.810864
0.011769 1.001137 -0.014145 6.237209
0.031749 1.018744 0.171828 7.858057
-0.008608 1.018322 -0.067007 5.278050
0.017192 1.003166 0.128374 5.543067
0.011157 0.989912 0.027846 6.217714
-0.005165 0.991143 -0.052633 6.044113
0.007700 0.997143 0.057117 6.013682
0.029572 1.012800 -0.066419 4.506114
0.015329 1.011412 0.065869 4.764061
0.008684 1.004151 0.092580 5.129462
-0.039494 1.002654 -0.000141 4.450930
0.009922 0.990704 0.010430 4.502294
0.002620 1.017729 -0.000305 5.781246
-0.024648 0.986556 -0.025635 4.864850
0.023422 1.004969 0.060647 5.803769
0.007053 0.990436 -0.065250 5.314549
0.030051 1.008800 -0.007257 7.229471
-0.025023 0.993301 -0.006498 5.054512
-0.003965 1.015466 0.057629 5.581435
-0.009124 0.987433 0.129043 5.555146
0.017482 0.994539 0.031045 6.624014
-0.006657 0.997223 -0.039986 5.042824
0.002239 0.988109 0.060204 5.836529
0.001284 0.989115 0.011607 6.298016
-0.024026 1.008627 -0.039899 5.146352
-0.000303 0.993130 0.022813 7.358221
0.014956 0.996227 0.004628 4.802547
0.027378 1.002247 0.058992 5.171364
-0.005779 0.974925 -0.075264 4.865039
0.016074 1.004854 0.023302 6.622707
0.012207 0.991779 0.057958 6.886073
0.025848 0.997612 0.039965 5.116610
-0.007202 1.044067 -0.139350 6.113802
-0.009144 0.985430 0.082847 6.515345
0.007688 0.990085 -0.072888 5.959052
0.025503 1.016753 0.052085 6.646997
0.002575 1.029909 -0.044941 5.947828
-0.000051 0.972930 0.020138 5.282845
0.044897 1.026976 0.021160 5.095518
0.008813 1.031470 -0.047012 6.385103
0.007017 0.994340 -0.080890 5.227242
0.011911 0.999720 -0.029198 4.980077
-0.002761 0.997197 0.048346 5.040589
0.010813 1.006368 0.065323 5.730581
-0.006659 0.959515 -0.020940 6.958266
0.029342 1.023670 0.150217 9.143908
0.010572 0.972696 0.098370 5.028502
0.023926 1.002236 0.034484 5.136402
-0.001289 0.981952 -0.113234 6.261570
-0.013904 0.992861 -0.005326 6.064770
-0.010126 0.973346 0.020798 5.400320
0.006953 0.985629 0.030613 6.272051
0.013084 0.994480 0.072763 5.364867
-0.002664 0.983665 -0.069045 6.164084
0.010964 1.001014 0.005543 4.402780
-0.026729 0.997301 0.025558 6.111790
0.001140 0.984735 -0.063162 5.840607
0.016618 0.992857 0.045625 5.761262
0.012286 0.999491 0.013406 5.946638
0.005780 0.983787 -0.005401 5.297743
-0.007435 0.976653 0.100929 6.710057
-0.023053 1.001852 -0.018968 5.078496
0.026340 0.998504 0.082156 5.902228
0.033300 1.017927 0.066250 5.918700
-0.001621 1.022180 -0.039708 4.919463
-0.028424 1.013108 -0.055283 4.061339
0.012469 1.001709 -0.016436 6.039654
0.020240 1.012142 0.107429 5.697684
-0.006117 0.999281 -0.016578 5.794861
0.037868 1.020421 0.058624 4.866241
0.025021 1.006868 0.036005 5.693816
0.004105 0.988897 0.128133 6.608461
-0.001336 0.983011 -0.092050 5.861690
0.000396 0.992938 -0.046329 4.939252
-0.015317 1.001542 -0.005886 5.419419
0.010408 0.988883 0.093368 5.198450
0.008059 1.000495 -0.003423 6.313945
0.024042 1.005336 0.033573 8.222305
0.014098 1.010293 0.070733 6.216866
-0.001817 0.987790 0.058702 5.748348
0.020811 1.002766 0.005761 4.674182
-0.000313 0.984799 0.083263 4.601099
-0.008390 0.975392 -0.023766 5.300934
0.000667 0.988354 0.034517 6.670008
-0.027082 0.987134 0.043923 4.842772
0.000494 0.967699 0.068744 6.446233
-0.008187 0.990038 0.032000 4.794667
0.004350 0.994924 -0.072744 4.642172
-0.027118 0.975731 -0.049501 5.726243
0.037349 1.012596 -0.159797 5.874937
0.002780 0.983308 0.003106 5.529010
0.001735 0.984628 -0.025882 5.115945
0.019001 1.003511 -0.132671 6.388362
-0.008743 0.993957 -0.051863 4.589993
0.026186 1.017433 0.027081 5.752990
0.013741 0.990613 0.035313 5.374735
0.002951 0.984198 0.052817 5.082798
0.004892 0.981763 -0.000524 5.085692
-0.033348 1.015879 0.010424 4.216927
-0.016141 1.015268 -0.061429 4.652937
0.026162 1.003897 0.136402 5.925454
-0.002655 0.987594 -0.052991 5.834418
0.007874 1.011811 -0.004735 7.132758
0.018952 1.009208 -0.011282 5.267094
0.026846 1.016988 0.035998 4.916693
-0.003686 0.995220 -0.174916 9.000400
0.026307 1.010098 0.109789 6.985799
-0.000243 0.983989 -0.090754 5.665792
-0.014057 0.991167 0.005616 5.877839
0.006484 1.014748 0.003141 6.029534
0.010563 0.999343 -0.004971 6.543939
-0.020145 0.985613 -0.037404 4.483757
0.002699 0.994795 -0.028552 5.189095
0.019512 0.998511 0.111309 6.330081
0.004747 0.978872 0.009440 5.176372
0.029317 1.012239 0.077864 5.947136
0.031658 1.021159 0.029509 5.129674
0.014587 1.008007 -0.070967 5.469845
0.000877 0.985074 0.003117 5.440393
-0.003532 1.017122 -0.049803 6.316456
-0.002764 0.976423 0.071820 5.213690
-0.005315 0.974169 0.032036 5.794876
0.012513 1.005011 0.089385 7.674457
0.016960 1.042311 -0.071919 6.869539
0.012701 1.026003 0.028766 7.981088
0.011725 0.998456 0.009142 6.160256
-0.016651 0.977537 -0.025810 5.250444
-0.025630 0.988986 -0.001449 5.243904
0.004467 1.005437 0.019903 6.398699
-0.017441 1.022230 0.003728 5.692995
-0.023646 1.007486 0.025336 4.060641
0.010885 0.989604 0.144086 5.773461
-0.037531 1.059147 -0.003678 4.494249
-0.000207 0.980903 -0.043226 4.610305
0.019203 0.991895 0.067332 5.369081
-0.034457 1.002848 -0.038288 5.668502
0.010977 0.997239 0.001752 5.666438
0.005851 1.004019 -0.001798 5.463125
-0.013135 0.972470 0.031649 6.381267
-0.011431 1.005414 0.053294 5.107709
-0.049640 1.028838 -0.006312 4.752440
0.016978 1.025148 0.044099 5.537689
0.011759 0.987932 0.049683 5.262960
0.005019 0.987946 -0.009218 4.699193
-0.000320 1.008157 0.079739 5.887517
-0.003486 1.006200 -0.190890 6.661430
0.032656 1.011196 0.057922 6.182105
0.005691 0.991899 0.061403 6.962191
0.008306 0.994968 0.082188 6.324119
-0.003279 1.013382 0.078989 6.190033
-0.002190 1.030355 0.046031 5.669540
0.012366 0.992097 -0.003763 6.893912
0.000204 0.990019 0.109117 6.270627
-0.001966 0.974708 0.061800 7.477135
0.017696 1.013599 -0.023778 5.917009
0.021214 1.000196 -0.052355 5.747443
0.033896 1.008618 0.160319 7.514787
0.020602 0.983601 0.024187 5.927339
0.016015 0.988594 0.072325 5.325347
-0.007701 1.001390 0.043051 5.949246
-0.007679 1.015570 -0.090287 6.385336
0.034793 1.002580 0.036953 4.662989
0.011433 1.053455 -0.103690 6.369954
0.026410 1.004981 -0.008321 4.728591
-0.004218 0.982072 0.025221 5.552408
0.026326 1.014192 0.093952 4.108906
0.016016 0.983829 -0.036964 4.617538
0.034779 1.033358 0.053061 5.748556
0.022293 0.995167 0.052974 5.501910
0.001144 1.018212 0.033356 4.603345
-0.006077 0.993662 0.036546 5.119730
0.022160 0.996206 0.046875 6.287948
-0.023337 1.005392 -0.049663 5.557904
0.015660 1.005506 0.008775 5.903932
-0.001530 0.982958 -0.089926 6.601459
0.018992 1.001218 0.076309 5.192531
0.019968 0.996607 0.068377 5.988851
-0.007944 0.988307 0.059790 5.080460
-0.016217 0.979827 0.046937 5.355949
-0.006345 0.996343 0.099268 8.041752
0.022008 1.005610 -0.064146 6.136198
-0.054577 1.020601 -0.053580 5.757724
0.024183 1.000155 -0.064663 5.291152
0.012156 0.982124 0.023243 5.177042
0.018828 0.991142 0.080009 6.193875
0.008913 0.985004 0.019041 4.996281
0.026609 1.000167 -0.019188 5.764211
-0.008143 0.979164 0.114396 5.865600
0.005514 0.984779 0.005400 6.926853
0.013812 1.004996 0.058989 5.591923
0.006239 0.988112 -0.026191 4.302616
0.010206 1.007840 -0.037758 5.588545
0.002326 1.005410 0.026352 4.508751
0.029389 1.018872 -0.013407 6.427148
-0.002721 0.978956 0.036982 6.260343
-0.009868 1.005445 -0.032441 3.985826
0.004075 0.985029 0.045402 5.297541
0.031210 1.017576 -0.071051 5.529319
-0.087650 1.064977 -0.040604 5.928403
0.027642 1.008658 0.043057 5.157292
0.010910 1.014380 0.043378 4.220376
0.003860 0.996575 -0.094757 5.340109
0.009405 0.988882 0.027367 4.961209
-0.007498 0.969096 0.118191 4.698787
0.022295 0.999765 0.026986 5.768739
0.001080 1.020454 -0.074411 6.192862
0.010183 1.007147 -0.031707 5.347859
0.033957 1.011652 0.174795 7.262821
-0.025315 0.964230 -0.071727 5.116450
0.004612 0.993403 0.139536 5.823515
-0.011748 0.975428 -0.083659 5.176259
-0.016759 0.996290 -0.032573 5.565513
-0.015412 0.994873 -0.055589 4.948949
0.011669 0.988487 0.008039 5.827483
0.039049 1.014529 0.091180 5.124549
0.008955 1.006251 0.034417 6.593209
0.017555 0.994515 0.039150 5.019413
0.006568 0.998311 -0.082913 5.826392
-0.008608 1.015082 0.006607 7.268965
0.008461 1.012639 -0.017233 5.412804
-0.007579 1.032519 -0.107239 5.625953
0.032546 1.020474 -0.061895 8.253989
-0.014531 0.998879 0.025690 5.305571
0.007646 0.986518 0.010787 4.846537
-0.003920 0.996048 -0.052313 6.182812
0.008461 0.999284 -0.000790 5.803949
0.016850 0.996819 -0.038370 5.954993
-0.004572 0.980508 -0.045515 5.377975
-0.016698 1.008237 -0.170062 4.924239
-0.003557 0.980017 0.072907 5.988811
0.026074 0.999875 -0.010588 4.981028
0.016253 1.003847 0.010606 6.203399
0.000627 0.980946 0.063240 4.884670
-0.010979 0.985915 0.067547 5.527080
0.006534 0.990998 0.034021 5.302598
0.025658 1.007449 0.096289 5.926902
0.001998 0.998543 0.056960 5.361197
0.022049 0.998246 -0.062123 6.050334
-0.007676 0.973883 0.017997 4.884511
0.010027 0.992837 0.032096 5.491178
0.005584 0.983313 0.061573 6.264278
0.010720 0.988298 0.141248 4.557471
0.009670 1.001846 0.078131 6.816682
-0.004795 1.017468 0.069179 5.760328
0.000267 0.985222 -0.022959 4.941432
0.015924 1.006795 -0.009542 5.880033
0.008802 0.991661 -0.001272 5.874256
0.011997 0.999492 0.147078 6.456756
0.011184 1.001478 0.035882 5.969990
0.008268 1.008471 -0.005198 6.159959
0.004877 1.000244 0.046327 5.777939
0.009695 0.998686 0.040211 5.399607
-0.005933 0.972824 0.146867 4.922827
-0.015371 1.005030 0.082799 5.386847
0.007718 0.986800 0.079717 6.075609
0.018883 1.003431 -0.035351 7.224649
0.035386 1.031273 -0.044409 6.308076
0.007333 1.021538 0.007033 5.833365
0.016538 1.004051 -0.097223 5.122373
0.015050 0.989510 0.139946 4.771358
0.010125 0.991387 0.017645 7.337622
0.027360 1.008537 0.081073 4.676679
-0.000299 0.991556 -0.042366 5.713504
0.025064 1.022375 0.111037 8.364109
-0.014415 0.999602 -0.012835 5.299369
0.006291 0.986292 0.100723 5.111694
0.030585 1.002776 0.100082 6.870986
0.012381 0.994168 -0.068673 6.543027
0.020839 0.996486 -0.029124 4.855600
0.008106 1.024682 -0.053142 5.788612
0.012839 0.996735 0.039931 5.452651
-0.029953 1.008996 0.040176 5.918097
0.031545 1.020860 -0.024215 6.614057
0.024278 0.988951 0.096650 7.467014
0.004990 1.000839 -0.058848 5.368810
-0.004149 1.003953 -0.103093 7.987791
0.004598 1.012574 0.002036 5.290513
-0.009525 1.001299 -0.118000 4.515569
0.002954 1.002564 0.046621 5.360461
-0.001058 0.976369 0.016806 5.313258
0.005619 1.010056 0.035527 5.325572
-0.000720 0.979399 -0.001941 6.273848
0.034527 1.023641 0.107347 6.108362
0.011736 0.986488 -0.038986 5.552052
-0.010769 1.029884 0.038845 4.930777
-0.000018 0.984850 0.047881 5.158864
0.034010 1.001675 0.038717 5.901715
-0.003895 1.005305 -0.053837 4.945828
0.006894 0.997548 -0.052237 5.117313
-0.042206 1.022363 -0.094270 4.754810
-0.002826 1.038767 -0.033215 5.437405
-0.016610 0.976885 -0.150309 5.476699
0.013706 0.989294 -0.020273 5.666924
0.024731 1.005467 0.032214 5.019195
-0.009115 0.974240 -0.025854 4.669574
0.023506 1.010449 0.027553 4.651515
0.001780 0.991586 0.008254 5.839682
0.025441 1.014590 -0.000588 4.779964
0.016135 1.009840 -0.057900 7.037094
0.021663 1.016771 0.040588 5.993817
-0.040304 0.985280 -0.024884 4.309673
0.003028 0.979470 0.083387 6.999116
0.002707 1.007321 -0.113366 6.514479
-0.010326 1.043041 0.013160 4.601782
0.019682 1.032662 -0.051978 5.555946
-0.013315 0.990210 0.015861 5.969087
-0.003695 0.995561 0.033635 4.844310
-0.017341 0.977017 -0.060387 5.323580
0.010812 0.985373 0.078857 6.471177
0.045397 1.022765 0.060857 5.761586
0.023323 1.003608 0.026983 6.077958
0.022085 1.011073 0.154803 5.711673
0.016659 1.022024 0.083062 8.763917
0.003890 0.980242 -0.035140 6.361164
-0.003334 0.991751 -0.080508 5.597975
-0.006177 0.963168 0.056693 5.160148
-0.029642 0.980155 0.011651 6.244716
-0.002694 0.987373 -0.021079 5.973641
0.004898 0.996709 -0.006941 4.794987
-0.003252 0.990067 0.057488 4.916375
-0.002687 0.990156 0.022832 6.097393
-0.003195 0.985978 0.007742 5.066001
-0.058864 1.050852 -0.071797 4.166960
0.001078 0.984184 -0.015443 6.490709
-0.009875 1.017536 -0.010923 4.977283
-0.020021 0.972952 -0.005493 5.290922
-0.007931 0.989666 -0.143027 4.336584
0.008460 0.988058 -0.003964 5.143253
-0.005305 0.978790 -0.084850 4.769529
0.015461 0.992225 0.074029 5.420582
0.033416 1.011196 0.057727 6.789948
-0.011338 0.985930 0.036993 4.715893
0.027249 1.021406 0.149144 7.165077
0.013550 1.026006 -0.028869 7.243884
-0.012041 0.984289 0.082844 4.644029
-0.012031 0.997306 0.011888 4.285523
0.004946 1.003907 -0.142290 4.475899
0.011165 0.990282 -0.033522 5.927804
-0.011085 0.966226 -0.008464 6.306464
-0.039248 0.999451 0.064285 5.078322
-0.023215 1.025040 -0.129980 6.134481
-0.003112 0.977090 0.064552 5.262901
0.021015 1.006799 0.020654 6.854949
-0.006412 0.984376 -0.037256 5.181608
-0.012021 1.005531 0.044727 5.245624
-0.000895 0.986894 -0.015373 5.663904
0.013783 0.993919 -0.032034 6.032542
0.001738 0.981118 0.034624 5.767818
0.003438 0.992043 0.018100 4.929071
0.007178 1.005283 0.009768 5.384679
-0.016522 1.002441 -0.028436 7.862641
0.007249 0.993294 -0.083564 5.778699
0.010216 0.982474 0.070396 5.939651
0.000855 0.977886 -0.022762 5.316762
-0.007199 0.995939 0.037175 4.411409
0.012115 0.979593 0.025060 6.137141
-0.016846 1.011818 0.079431 5.462508
0.018600 0.989326 0.053022 4.950515
-0.007629 0.980661 -0.016339 4.372712
0.009222 0.993973 0.017063 6.258539
-0.034896 0.984784 0.036632 4.116871
0.012256 1.001927 0.073386 4.847779
0.001697 1.004058 0.101539 7.532588
0.029674 1.014166 -0.020551 5.158069
0.007614 1.006535 -0.103417 4.599044
0.038381 1.015774 0.041397 4.875091
0.005616 0.993184 0.057016 5.284557
0.031830 1.005247 0.098542 6.175193
0.003533 0.984994 -0.014682 7.217575
0.000443 0.973155 0.041368 4.741634
-0.087585 1.076544 -0.066274 3.909743
-0.014577 0.982947 -0.030951 6.094493
0.007537 1.002376 -0.043489 5.961731
-0.016932 0.984895 -0.055452 5.074592
-0.013853 0.989945 -0.006191 5.879523
0.016983 1.002192 -0.077885 4.491895
0.007540 0.988968 -0.048750 6.091875
-0.031918 1.014735 -0.125725 5.039910
-0.010746 0.997662 -0.017279 4.712936
-0.007476 1.005473 0.102430 4.643148
0.035845 1.041937 0.237864 10.648625
-0.000319 0.995015 -0.067038 4.746037
0.003295 0.982959 0.038212 5.257907
-0.019318 0.986759 -0.116152 5.012409
0.013924 0.990657 -0.019944 5.047676
0.014461 1.004064 0.003042 4.834649
0.005035 1.007643 -0.072162 5.876441
-0.014953 0.977019 -0.021363 4.781809
0.022109 1.009647 -0.016844 5.194731
0.002920 0.981689 0.058144 6.144051
0.012958 1.000770 0.069919 6.109350
-0.023512 1.087788 -0.060046 5.467320
0.014493 1.000503 0.059795 4.249808
-0.003256 1.005149 -0.109669 5.029452
0.017381 0.989257 0.089663 5.296723
0.011213 1.009926 -0.029544 6.504007
0.015857 0.991486 0.048671 8.468908
0.008394 1.001399 0.020156 6.222121
0.000231 0.985460 -0.014630 5.781489
-0.023660 1.040337 -0.083023 5.644998
0.030915 1.016327 0.037317 6.397734
0.021759 0.999377 -0.010499 5.783016
-0.004614 0.978691 0.014853 5.425529
0.023464 1.004737 0.079533 6.120700
-0.016226 0.997255 -0.028272 4.642764
0.019649 0.994407 0.017030 5.184628
0.016112 1.009309 0.001126 5.469873
0.003215 0.984348 0.074316 5.487514
0.047956 1.048419 0.072200 5.140326
0.016068 0.988871 0.047368 5.901365
-0.002203 0.974477 -0.049215 4.539330
0.001744 0.984955 -0.099016 5.101120
0.039896 1.008400 0.023088 5.586226
-0.002654 0.986362 0.085288 6.513011
-0.033795 1.010617 -0.068611 5.259461
0.008047 0.988805 -0.006904 5.405893
0.007966 0.999040 0.053620 7.582291
0.007762 1.004776 -0.064542 5.603179
0.031684 1.004690 0.145118 6.202411
0.010992 1.001558 -0.028178 5.187780
0.015184 0.992496 0.065857 6.206578
0.005741 1.014512 0.088796 6.701252
-0.006745 1.024849 -0.188447 5.830740
-0.037333 1.066988 -0.118626 6.261951
0.001205 0.995343 0.008540 5.672601
-0.040127 1.094827 -0.169732 5.583886
-0.008574 0.981072 -0.033044 5.553852
-0.003235 0.981628 0.106868 5.981177
-0.017295 0.962490 0.093882 5.739806
-0.023836 1.006993 -0.024657 4.766425
0.000657 0.991141 0.007074 5.757607
-0.019893 0.990372 0.063909 5.383078
0.003635 0.991509 -0.083363 5.992180
0.014316 1.019122 -0.026377 4.498401
-0.022005 1.040678 -0.017324 6.568933
0.006576 0.976896 0.116188 5.619368
-0.004209 0.987795 -0.034304 4.625443
0.019738 1.002833 -0.042654 6.305280
0.007177 0.989040 -0.003625 4.687009
0.046334 1.034174 0.064116 6.273438
-0.012627 1.021342 0.034126 8.164125
-0.003637 1.014193 -0.083368 5.088018
-0.016102 0.977848 0.131725 5.716635
-0.051022 0.969840 -0.037080 4.537981
0.006837 1.008668 -0.011668 4.356165
-0.009906 0.982415 0.013263 5.953520
-0.019092 1.005696 -0.035684 5.250041
0.015047 0.991521 -0.066524 4.279435
-0.014235 1.007994 -0.068719 5.617164
0.011794 1.007789 0.006758 5.436758
0.006611 1.013489 -0.068996 5.864018
0.003599 0.996138 -0.031062 6.779406
-0.015667 0.991442 -0.008173 4.737367
0.000373 0.987285 -0.063412 6.320170
0.001930 0.978646 0.051520 4.824468
0.001829 0.981663 -0.018420 4.757109
0.023355 1.004910 -0.089566 6.781693
0.020561 1.044787 0.102609 11.468082
-0.005651 0.967022 0.045072 6.487453
-0.003129 1.005981 0.088196 5.004574
-0.004967 1.008083 0.055091 4.803267
0.000734 1.000778 0.085441 5.003016
-0.012631 0.977484 -0.044111 6.401088
-0.003343 0.991803 0.076987 5.809745
0.014787 0.995525 0.054014 5.710682
0.011027 0.987940 0.120461 6.312625
0.011368 0.975440 0.054888 5.378838
0.008324 0.997092 -0.126910 5.548219
-0.014094 1.001717 -0.115560 5.166246
0.002094 0.989115 -0.082836 5.161843
0.010480 1.005506 0.052204 6.315804
0.039969 1.019299 0.099435 5.243906
0.002350 0.997533 0.101447 6.154215
0.005086 0.991508 -0.118077 4.633594
-0.009360 0.996104 0.026862 4.847608
0.032632 1.009942 0.078816 5.245226
0.020625 1.018952 -0.019195 4.782100
0.025632 1.017288 0.040191 5.886326
0.013759 1.006217 -0.018416 5.586192
0.006533 0.996604 0.002618 5.559572
-0.013013 0.993469 -0.126724 4.736444
0.008524 0.985446 0.019625 5.527013
0.017608 0.993506 0.063784 5.859304
-0.060642 1.009634 0.017335 4.342127
-0.000885 0.987264 0.099582 5.548448
0.014376 1.015848 0.038194 8.331912
-0.016660 0.995527 0.016079 5.465356
0.026828 1.012772 0.120380 5.395353
0.021521 1.000296 -0.112908 5.611314
-0.004619 1.012367 -0.020283 5.549483
0.027179 1.011019 0.027730 7.321853
0.009100 1.009405 0.019199 5.897596
-0.004106 0.999230 -0.054340 6.105304
0.008181 0.997800 0.104489 5.118315
-0.015693 0.980572 -0.011345 5.426834
0.002283 0.980985 0.012090 4.994829
0.018287 0.993897 0.142314 6.252478
