-0.209429 0.388752 -2.077664 13.601171
-0.313062 0.556457 -1.995563 8.549099
-0.422749 0.639895 -2.600384 11.657684
-0.292401 0.290807 -0.164499 11.391783
-0.275146 0.258266 -0.036493 10.700260
-0.085758 0.191824 -1.608425 21.582975
-0.420517 0.760727 -1.627687 8.569597
-0.523969 0.724067 -3.314296 11.535058
-0.370569 0.233606 0.149006 10.806896
-0.270193 0.439299 -2.574693 12.430735
-0.101009 0.233880 -2.388885 19.399712
-0.158703 0.344648 -2.185700 21.842363
-0.205576 0.370078 -2.594656 16.410351
-0.216366 0.332272 -2.414431 12.004678
-0.096921 0.213440 -2.538327 24.683771
-0.217885 0.256412 -0.612303 15.611543
-0.579989 0.851963 -3.121996 13.238404
-0.199315 0.327480 -1.235273 18.703911
-0.198965 0.259342 -1.675351 13.052460
-0.233820 0.375800 -2.500634 14.926663
-0.131142 0.130383 0.169905 15.819490
-0.862999 1.483156 -2.333019 14.225229
-0.206404 0.249064 -1.857253 12.265584
-0.147117 0.266834 -1.877441 14.379402
-0.129412 0.238495 -1.538110 16.845907
-0.227288 0.361560 -2.143059 9.815845
-0.145542 0.315694 -1.593847 11.767668
-0.139211 0.141348 -1.353999 20.780333
-0.339999 0.350454 -0.816137 10.882965
-0.177201 0.339351 -2.304797 13.918052
-0.236140 0.431170 -2.119350 12.935049
-0.375739 0.558203 -2.621542 8.825989
-0.157361 0.220809 -1.335938 18.306284
-0.174211 0.144801 -0.742814 12.679946
-0.120916 0.177043 -1.722663 17.297701
-0.119032 0.251065 -1.598982 20.883123
-0.157993 0.366606 -2.122395 19.288858
-0.153165 0.206000 -2.041388 10.335501
-0.158741 0.298964 -1.777232 20.442852
-0.154859 0.269176 -1.619481 14.139652
-0.128565 0.266602 -2.162524 20.281271
-0.116203 0.304277 -1.637563 12.372850
-0.758398 1.324020 -3.465488 18.026943
-0.036887 0.171852 -1.036595 16.238111
-0.290051 0.283395 -1.022125 23.227518
-0.439613 0.313224 -0.222549 10.896213
-0.292523 0.383532 -2.680288 8.921395
-0.155078 0.176400 -1.353721 15.530273
-0.238402 0.266690 -1.568131 12.700115
-0.439142 0.331694 0.072970 13.688803
-0.246281 0.249921 -0.717836 13.415466
-0.143759 0.214409 -0.945793 16.856775
-0.057553 0.114251 -1.220898 19.727741
-0.537932 0.806754 -3.030043 11.719400
-0.467057 0.877520 -2.583877 17.010752
-0.321891 0.489086 -2.397315 12.998936
-0.513403 0.410319 0.916218 11.793307
-0.129925 0.231003 -1.240545 15.093778
-0.211812 0.323477 -2.101593 10.350752
-0.415279 0.915401 -2.250472 13.544321
-0.228446 0.199161 0.043656 16.776672
-0.336615 0.302854 0.456234 13.126451
-0.102354 0.200803 -0.191763 15.005498
-0.048283 0.150064 -0.959575 18.586679
